NAME	= elevation [Inverse Distance Weighted]
DESCRIPTION	= 
UNIT	= 
DATAFORMAT	= FLOAT
DATAFILE_OFFSET	= 0
BYTEORDER_BIG	= FALSE
TOPTOBOTTOM	= FALSE
POSITION_XMIN	= 247483.7250000000
POSITION_YMIN	= 9352969.5989833642
CELLCOUNT_X	= 167
CELLCOUNT_Y	= 166
CELLSIZE	= 10.0000000000
Z_FACTOR	= 1.000000
Z_OFFSET	= 0.000000
NODATA_VALUE	= -99999.000000
